14844400 
14844928 
32747508 89
14844728 
14845008 99
14845128 
14844784 112
14844584 145
14844936 
14844736 
14845136 
14844944 
14844744 
14845144 
14844952 
14844752 
14845152 
14844960 
14844760 
14845160 
14844968 
14844768 
14845168 
14844976 
14844776 
14845176 
14844984 
14844784 
14845184 
14845064 
14844864 
14845264 
14845072 
14844872 
14845272 
14845080 
14844880 
14845280 
14845088 
14844888 
14845288 
14845096 
14844896 
14845296 
14845104 
14844904 
14845304 
14845112 
14844912 
14845312 
14845216 
14845016 
14845224 
14845024 
14845232 
14845032 
14845240 
14845040 
14845248 
14845048 
14845256 
14845056 
14844600 
14844800 
14844608 
14844408 
14844808 
14844616 
14844416 
14844816 
14844624 
14844424 
14844824 
14844632 
14844432 
14844832 
14844640 
14844440 
14844840 
14844648 
14844448 
14844848 
14844656 
14844456 
14844856 
14844664 
14844464 
14844672 
14844472 
14844680 
14844480 
14844688 
14844488 
14844696 
14844496 
14844704 
14844504 
14844712 
14844512 
14844720 
14844520 
14844920 
14844528 
14844536 
14844544 
14844552 
14844560 
14844568 
14844576 
14844584 
14844792 
14844592 
14844992 
14845000 
14845008 
14845120 
14845192 
14845200 
14845208 
14845320 
14845328 
14845336 
14845344 
14845352 
14845360 
14845368 
14845376 
14845384 
14845392 
14844584 102
14844400 delvm.2
14844400 
14844400 
14844400 
14844400 
14844400 
14844400 
14844400 
14844400 
14844400 
14844400 
14844400 
6332736 
32746820 5
6332744 
6332736 
140735398172000 
29061448 
20627808 
7854872 7
20627784 
20627816 
13898080 
13898056 
13898088 
19898720 
19898696 
19898728 
16544096 
16544072 
16544104 
7864672 
7864648 
7864680 
23535968 
23535944 
23535976 
22929760 
22929736 
22929768 
32936288 
32936264 
32936296 
34935136 
34935112 
34935144 
30151008 
30150984 
30151016 
34904848 
34904824 
34904856 
38697744 
38697720 
38697752 
38361872 
38361848 
38361880 
18430736 
18430712 
18430744 
7854864 
7854840 
7854872 
7854864 
 6
32746148 
32746284 
32746420 
32746556 
32746692 
32746836 
32746820 90
32746972 
32747108 
32747244 
32747380 
32747100 74
32747100 75
32747112 
32747248 
32746976 
32747384 
32746840 
